 0 -0.0078125 8 -0.00260417 9 -0.00260417 17 -0.00260417 33 -0.00130208 46 -0.00390625 52 -0.0416667
 1 -0.015625 8 -0.00260417 11 -0.00260417 16 -0.00260417 34 -0.00260417 41 -0.00520833 52 -0.0416667
 2 -0.00390625 9 -0.00130208 10 -0.00260417 19 -0.00260417 38 -0.00130208 47 -0.00390625 52 -0.0625
 3 -0.0078125 10 -0.00260417 11 -0.00260417 18 -0.00130208 39 -0.00260417 42 -0.00390625 52 -0.0208333
 4 -0.0078125 12 -0.00130208 13 -0.00260417 17 -0.00130208 31 -0.00260417 49 -0.00520833 52 -0.0833333
 5 -0.00390625 12 -0.00260417 15 -0.00260417 16 -0.00260417 32 -0.00130208 44 -0.00260417 52 -0.0625
 6 -0.0117188 13 -0.00260417 14 -0.00260417 19 -0.00260417 36 -0.00260417 48 -0.00390625 52 -0.104167
 7 -0.00390625 14 -0.00260417 15 -0.00130208 18 -0.00260417 37 -0.00130208 43 -0.00390625 52 -0.0625
 0 -0.00260417 1 -0.00260417 8 -0.0195312 20 -0.00520833 21 -0.00130208 22 -0.00260417 30 -0.00520833 33 -0.00520833 34 -0.00260417 52 -0.0520833
 0 -0.00260417 2 -0.00130208 9 -0.0234375 20 -0.00520833 21 -0.00260417 24 -0.00130208 45 -0.00520833 46 -0.00520833 47 -0.00520833 52 -0.0520833
 2 -0.00260417 3 -0.00260417 10 -0.015625 20 -0.00520833 23 -0.00130208 24 -0.00130208 35 -0.00520833 38 -0.00390625 39 -0.00390625 50 0.0694444 52 -0.0833333
 1 -0.00260417 3 -0.00260417 11 -0.0117188 20 -0.00520833 22 -0.00130208 23 -0.00130208 40 -0.00390625 41 -0.00260417 42 -0.00520833 50 0.0555556 52 -0.0347222
 4 -0.00130208 5 -0.00260417 12 -0.015625 25 -0.00520833 26 -0.00130208 27 -0.00260417 30 -0.00390625 31 -0.00520833 32 -0.00390625 51 0.0694444 52 -0.0833333
 4 -0.00260417 6 -0.00260417 13 -0.0195312 25 -0.00390625 26 -0.00260417 29 -0.00260417 45 -0.00520833 48 -0.00390625 49 -0.00390625 51 0.0833333 52 -0.0833333
 6 -0.00260417 7 -0.00260417 14 -0.0195312 25 -0.00520833 28 -0.00260417 29 -0.00260417 35 -0.00390625 36 -0.00390625 37 -0.00390625 52 -0.1875
 5 -0.00260417 7 -0.00130208 15 -0.0195312 25 -0.00520833 27 -0.00260417 28 -0.00130208 40 -0.00520833 43 -0.00520833 44 -0.00390625 52 -0.166667
 1 -0.00260417 5 -0.00260417 16 -0.0195312 30 -0.00520833 32 -0.00130208 34 -0.00260417 40 -0.00520833 41 -0.00260417 44 -0.00520833 52 -0.208333
 0 -0.00260417 4 -0.00130208 17 -0.0117188 30 -0.00520833 31 -0.00130208 33 -0.00130208 45 -0.00520833 46 -0.00390625 49 -0.00390625 51 0.0694444 52 -0.0625
 3 -0.00130208 7 -0.00260417 18 -0.0195312 35 -0.00520833 37 -0.00260417 39 -0.00130208 40 -0.00520833 42 -0.00520833 43 -0.00390625 50 0.0833333 52 -0.0833333
 2 -0.00260417 6 -0.00260417 19 -0.0234375 35 -0.00390625 36 -0.00260417 38 -0.00260417 45 -0.00520833 47 -0.00520833 48 -0.00390625 52 -0.135417
 8 -0.00520833 9 -0.00520833 10 -0.00520833 11 -0.00520833 20 -0.0338542 21 -0.00390625 22 -0.00390625 23 -0.00520833 24 -0.00520833 50 0.111111 52 -0.21875
 8 -0.00130208 9 -0.00260417 20 -0.00390625 21 -0.00260417 52 -0.03125
 8 -0.00260417 11 -0.00130208 20 -0.00390625 22 -0.00260417 50 0.0138889 52 -0.0347222
 10 -0.00130208 11 -0.00130208 20 -0.00520833 23 -0.00260417 50 0.0277778 52 -0.0277778
 9 -0.00130208 10 -0.00130208 20 -0.00520833 24 -0.00260417 50 0.0138889 52 -0.03125
 12 -0.00520833 13 -0.00390625 14 -0.00520833 15 -0.00520833 25 -0.0182292 26 -0.00520833 27 -0.00260417 28 -0.00390625 29 -0.00260417 51 0.0694444 52 -0.128472
 12 -0.00130208 13 -0.00260417 25 -0.00520833 26 -0.00651042 51 0.0416667
 12 -0.00260417 15 -0.00260417 25 -0.00260417 27 -0.00260417 51 0.0138889 52 -0.0173611
 14 -0.00260417 15 -0.00130208 25 -0.00390625 28 -0.00260417 52 -0.0625
 13 -0.00260417 14 -0.00260417 25 -0.00260417 29 -0.00260417 51 0.0138889 52 -0.0173611
 8 -0.00520833 12 -0.00390625 16 -0.00520833 17 -0.00520833 30 -0.0299479 31 -0.00520833 32 -0.00520833 33 -0.00390625 34 -0.00390625 51 0.0972222 52 -0.0902778
 4 -0.00260417 12 -0.00520833 17 -0.00130208 30 -0.00520833 31 -0.0117188 51 0.0416667 52 -0.0416667
 5 -0.00130208 12 -0.00390625 16 -0.00130208 30 -0.00520833 32 -0.00390625 51 0.0138889 52 -0.0381944
 0 -0.00130208 8 -0.00520833 17 -0.00130208 30 -0.00390625 33 -0.00390625 51 0.0138889 52 0.00347222
 1 -0.00260417 8 -0.00260417 16 -0.00260417 30 -0.00390625 34 -0.00390625 52 -0.0416667
 10 -0.00520833 14 -0.00390625 18 -0.00520833 19 -0.00390625 35 -0.0221354 36 -0.00520833 37 -0.00390625 38 -0.00390625 39 -0.00390625 50 0.0833333 52 -0.09375
 6 -0.00260417 14 -0.00390625 19 -0.00260417 35 -0.00520833 36 -0.0117188 52 -0.104167
 7 -0.00130208 14 -0.00390625 18 -0.00260417 35 -0.00390625 37 -0.00390625 50 0.0138889 52 -0.0381944
 2 -0.00130208 10 -0.00390625 19 -0.00260417 35 -0.00390625 38 -0.00390625 50 0.0138889 52 -0.0381944
 3 -0.00260417 10 -0.00390625 18 -0.00130208 35 -0.00390625 39 -0.00390625 50 0.0277778
 11 -0.00390625 15 -0.00520833 16 -0.00520833 18 -0.00520833 40 -0.0260417 41 -0.00520833 42 -0.00390625 43 -0.00390625 44 -0.00390625 50 0.0833333 52 -0.152778
 1 -0.00520833 11 -0.00260417 16 -0.00260417 40 -0.00520833 41 -0.00520833 50 0.0138889 52 -0.0381944
 3 -0.00390625 11 -0.00520833 18 -0.00520833 40 -0.00390625 42 -0.0130208 50 0.0416667 52 -0.0416667
 7 -0.00390625 15 -0.00520833 18 -0.00390625 40 -0.00390625 43 -0.00911458 50 0.0138889 52 -0.0798611
 5 -0.00260417 15 -0.00390625 16 -0.00520833 40 -0.00390625 44 -0.00520833 52 -0.104167
 9 -0.00520833 13 -0.00520833 17 -0.00520833 19 -0.00520833 45 -0.0182292 46 -0.00260417 47 -0.00260417 48 -0.00390625 49 -0.00390625 51 0.0833333 52 -0.0416667
 0 -0.00390625 9 -0.00520833 17 -0.00390625 45 -0.00260417 46 -0.00520833 51 0.0138889 52 -0.0173611
 2 -0.00390625 9 -0.00520833 19 -0.00520833 45 -0.00260417 47 -0.00911458 52 -0.0833333
 6 -0.00390625 13 -0.00390625 19 -0.00390625 45 -0.00390625 48 -0.00520833 51 0.0138889 52 -0.0590278
 4 -0.00520833 13 -0.00390625 17 -0.00390625 45 -0.00390625 49 -0.00911458 51 0.0277778 52 -0.0625
 50 -3.10595 51 0.875 52 0.874206
 50 0.875 51 -3.10595 52 0.115476
 0 0.0208333 1 0.03125 2 0.015625 3 0.0208333 4 0.0208333 5 0.015625 6 0.0260417 7 0.015625 8 0.046875 9 0.0520833 10 0.0416667 11 0.0364583 12 0.0416667 13 0.046875 14 0.046875 15 0.046875 16 0.046875 17 0.0364583 18 0.046875 19 0.0520833 20 0.0729167 21 0.0104167 22 0.0104167 23 0.0104167
